1 2 0
1.5 2 0
2 0 0
2.5 0 0
3 2 0
3.5 2 0
4 0 0
4.5 0 0
5 2 0
5.5 2 0
6 0 0
6.5 0 0
7 2 0
7.5 2 0
8 0 0
8.5 0 0
7 0 1
8 1 1
9 2 1
10 1 1
11 0 1
12 1 1
13 2 1
17 2 0
17.5 2 0
18 0 0
18.5 0 0
19 2 0
19.5 2 0
20 0 0
20.5 0 0
21 2 0
21.5 2 0
22 0 0
22.5 0 0
23 2 0
23.5 2 0
24 0 0
24.5 0 0
23 0 1
24 1 1
25 2 1
26 1 1
27 0 1
28 1 1
29 2 1
33 2 0
33.5 2 0
34 1 0
34.5 1 0
35 2 0
35.5 2 0
36 0 0
36.5 0 0
37 2 0
37.5 2 0
38 1 0
38.5 1 0
39 2 0
39.5 2 0
40 0 0
40.5 0 0
39 0 1
39.5 0 1
40 1 1
40.5 1 1
41 2 1
41.5 2 1
42 1 1
42.5 1 1
43 0 1
43.5 0 1
44 1 1
44.5 1 1
45 2 1
49 2 0
49.5 2 0
49.75 2 0
50 1 0
50.5 1 0
50.75 1 0
51 2 0
51.5 2 0
51.75 2 0
52 0 0
52.5 0 0
52.75 0 0
53 2 0
53.5 2 0
53.75 2 0
54 1 0
54.5 1 0
54.75 1 0
55 2 0
55.5 2 0
55.75 2 0
56 0 0
56.5 0 0
56.75 0 0
55 0 1
56 1 1
57 2 1
58 1 1
59 0 1
60 1 1
61 2 1
